-0.001572
0.002500
-0.002856
0.003436
-0.003708
0.004008
-0.004154
0.004210
-0.004172
0.003982
-0.003352
0.002502
-0.000747
-0.001705
0.001115
-0.545713
-0.032930
-0.171758
0.287982
0.215819
0.258974
0.232117
0.100408
0.115540
0.123066
0.010140
-0.050330
-0.026055
-0.097390
-0.002049
0.003522
-0.045407
-0.110967
-0.091798
-0.117818
-0.059144
-0.042578
-0.002925
-0.057186
-0.041564
-0.041655
-0.001914
-0.021784
-0.033419
-0.035442
0.001999
0.008433
0.012229
-0.015662
-0.024660
0.011204
0.035994
0.030699
0.024273
0.016403
-0.006028
0.033486
0.018734
-0.017132
0.054971
0.064835
0.017264
0.038573
0.022458
0.013290
0.032233
0.036316
0.085054
0.003989
-0.017572
-0.052954
-0.050699
-0.030417
-0.011930
0.018179
-0.002035
-0.011898
0.004545
0.006037
0.010484
-0.005369
-0.001811
-0.025799
-0.024363
-0.011188
0.012026
0.020365
-0.004803
0.026395
-0.034197
-0.057480
0.012238
0.034767
0.013164
0.021150
0.011764
-0.040815
-0.075084
-0.040570
-0.017296
0.029588
0.066253
0.043616
0.040639
0.030218
0.024153
-0.015037
-0.033891
-0.013613
-0.007926
-0.019617
-0.000813
-0.013206
-0.002487
-0.028033
-0.017900
-0.051966
-0.025035
-0.024882
-0.013108
0.010562
0.011396
0.022047
0.005910
0.012731
0.000730
-0.000393
-0.021425
-0.050219
0.031094
0.055476
0.047479
0.032200
-0.008297
0.004504
-0.004483
0.020413
0.020241
0.030323
-0.006424
-0.001781
-0.017654
-0.012365
0.009202
0.015022
0.044476
0.008303
-0.007881
-0.006896
-0.004916
0.007106
-0.008108
-0.014129
-0.028805
-0.028190
-0.006515
-0.024036
-0.044379
-0.048088
-0.010371
0.025053
0.011983
-0.031801
0.009134
-0.009001
0.010887
0.036383
0.004535
-0.022106
0.003961
0.018146
0.012853
0.024550
0.012811
-0.010398
0.004268
0.031293
0.026298
-0.006674
0.011830
0.013245
-0.030738
-0.007105
-0.013090
-0.027367
-0.032160
0.009333
0.010605
-0.012573
-0.009991
0.026754
0.027183
0.001282
-0.017264
-0.002067
0.028380
0.012330
0.017026
0.008933
0.016078
-0.005374
-0.008504
-0.001765
0.008158
-0.009669
-0.007758
-0.020052
-0.014474
-0.005535
-0.008537
-0.001594
-0.022998
-0.004668
-0.018099
-0.008822
-0.002171
-0.030303
-0.029303
-0.021472
-0.018928
-0.004105
0.024007
0.044252
0.030553
0.010280
-0.002952
0.021476
0.028714
0.012190
0.000059
-0.001325
0.004927
-0.007976
0.020478
0.005825
-0.006933
0.009894
0.013916
-0.002554
-0.017320
-0.002091
0.005583
0.019350
0.011732
0.010340
-0.003278
-0.014921
-0.002566
-0.005598
-0.001678
0.010565
0.016466
-0.025518
-0.038558
-0.011281
0.007374
0.005144
0.001377
0.003327
-0.001458
-0.008734
-0.014943
-0.002208
-0.005401
-0.020112
-0.010037
-0.008462
-0.022885
-0.020252
0.013445
0.023035
0.024370
0.022367
0.015548
0.013596
0.009798
0.021964
0.009535
-0.005825
-0.010519
-0.016840
-0.019100
-0.017439
0.008223
0.022778
-0.014412
-0.015199
-0.007326
-0.009008
0.009413
0.000710
0.014908
0.006202
0.009960
0.004090
-0.008695
-0.007567
-0.017284
-0.005524
0.011672
0.026956
-0.001887
-0.027151
-0.019516
-0.007374
-0.009325
-0.010020
-0.007717
0.003810
0.018796
0.006566
0.011494
0.000673
0.010974
0.005770
0.005019
-0.003531
-0.007810
0.012859
0.009597
0.008796
0.014808
0.019607
0.006625
0.009621
0.014522
0.010943
-0.011507
-0.013100
0.005174
0.005363
-0.009507
-0.017434
-0.020944
-0.012492
-0.003484
-0.005705
-0.004591
-0.010079
-0.009631
-0.007457
-0.013714
-0.014415
-0.008012
-0.008687
-0.012323
-0.007786
-0.003896
-0.003301
0.002976
0.012442
0.015441
0.009150
0.009841
0.000152
0.005660
0.011056
0.009577
0.011056
0.005751
0.011983
0.003707
0.020750
0.012378
0.001416
0.004755
-0.005132
0.002562
0.006429
0.009450
0.003299
0.008197
-0.003155
-0.015352
-0.000574
0.002670
0.000134
0.000200
-0.004906
-0.004648
-0.012557
-0.010297
-0.022680
-0.026025
-0.009285
-0.017470
-0.012064
-0.009116
-0.007377
0.002486
-0.003617
-0.000490
0.005848
0.016407
0.017420
0.012795
0.006681
0.004074
0.001129
0.000770
-0.004186
-0.010904
0.000648
0.001833
0.009348
0.003686
-0.000888
-0.007839
-0.001220
0.008649
0.009530
0.008238
0.001272
0.009595
0.007431
0.002572
-0.002110
-0.001361
-0.006756
-0.003376
0.002739
-0.008283
-0.003246
0.006220
0.000122
-0.004435
-0.003526
0.000086
-0.007587
-0.005967
0.011921
0.003590
-0.005630
-0.007495
0.002813
0.004580
0.007008
0.000955
0.001617
-0.003862
-0.004964
0.001628
0.008013
0.002582
0.002135
0.005902
0.003661
-0.001916
-0.005042
-0.001418
-0.011432
-0.000629
-0.000807
-0.007631
-0.007893
-0.006968
-0.006070
-0.008797
-0.009690
-0.006603
0.000191
0.001193
-0.000432
0.004496
0.003628
0.003108
0.004708
0.001041
0.003210
-0.003585
-0.005304
0.003614
0.011844
0.016144
0.010072
0.007506
-0.001348
0.001723
0.002386
0.002463
0.007722
0.015267
0.009495
0.006723
-0.004773
-0.004107
-0.007920
-0.008177
-0.005202
-0.005093
0.001074
-0.004991
-0.010464
0.000541
0.006334
0.002601
-0.000607
-0.002933
-0.004146
-0.006718
0.000792
-0.003595
-0.005947
-0.007704
-0.005180
-0.007008
0.001753
0.000971
0.002233
-0.010105
-0.001029
0.009752
-0.001049
0.001081
0.002825
0.000484
-0.001801
0.002085
0.005910
0.000380
-0.004132
0.002752
0.005450
0.010835
0.007739
-0.000896
-0.002058
0.000649
-0.001054
0.001638
0.001971
0.001553
0.002676
-0.000450
0.000320
0.004199
0.003570
-0.002840
-0.002457
-0.003198
0.001537
-0.006930
-0.009990
-0.007704
-0.003007
-0.006214
-0.003114
0.001514
0.006758
0.006071
-0.001604
0.002870
0.003020
0.004531
-0.000343
0.000859
0.000244
0.001969
0.001334
-0.002520
-0.000440
-0.002146
-0.005943
-0.006328
-0.005361
-0.003308
0.002035
0.001733
-0.000157
-0.001368
-0.000296
0.002410
0.001386
-0.001573
0.000292
-0.000916
0.006972
0.003311
-0.002751
-0.004458
0.001218
0.001747
-0.000215
0.005463
0.001819
0.010190
0.009941
0.005201
-0.001609
-0.002432
-0.001205
-0.005536
-0.003000
0.001322
0.002617
0.004520
0.001213
-0.001071
0.001843
0.005146
0.002987
-0.001842
-0.002192
-0.006125
-0.005183
-0.001851
0.002055
0.000041
-0.001194
-0.002081
-0.003351
-0.005061
-0.003201
-0.004688
-0.009316
-0.004521
0.002379
0.000295
-0.000990
-0.001623
-0.001961
0.000498
0.003082
0.006239
0.002644
0.004136
0.003822
0.001839
0.001311
0.001233
0.000563
0.000901
0.000956
0.001162
-0.001448
-0.003150
-0.002343
-0.002178
-0.005922
-0.007675
-0.001894
-0.004298
-0.002051
0.003973
0.006187
0.004651
0.004252
0.000866
0.000037
0.000846
0.001183
0.002263
0.005754
0.003884
0.005234
0.000412
-0.000490
0.001215
0.000034
-0.001437
-0.003015
0.001206
0.001568
0.000447
0.002264
0.003592
0.003627
0.000805
-0.001158
0.000786
-0.001261
-0.002622
-0.002962
-0.003852
-0.006682
-0.004258
-0.002274
-0.002312
-0.001789
-0.005702
-0.001181
-0.001298
-0.002058
-0.001754
-0.002581
-0.001145
-0.004774
-0.002684
-0.000377
-0.002933
-0.001337
0.002363
0.004331
0.002130
0.003642
0.004267
0.001493
0.000495
0.002684
0.001378
0.002594
0.005363
0.005999
0.003756
0.000310
0.004688
0.002777
-0.000114
-0.000469
0.002074
0.003045
0.001914
-0.000527
-0.002361
-0.005109
-0.006845
-0.008172
-0.004354
0.000715
-0.001908
-0.000477
-0.000933
-0.000367
0.003143
0.006790
0.006080
0.002812
0.003571
0.000216
-0.000030
0.001206
0.004415
-0.002025
-0.002354
-0.003923
-0.005966
-0.004623
-0.000364
0.002121
-0.001050
-0.002550
-0.002402
0.000638
0.001517
0.002956
0.002391
-0.000657
0.000143
-0.000301
0.002148
-0.000232
-0.000802
-0.000298
-0.002661
-0.003619
-0.003141
-0.002273
-0.003052
-0.000217
-0.002244
-0.002878
-0.002486
-0.000685
0.000864
0.001091
0.001163
0.000810
-0.002175
-0.002120
-0.000437
0.000934
0.005549
0.004534
0.003542
0.002796
0.002599
0.003049
0.004359
0.004421
0.001507
0.002010
-0.000525
0.000722
-0.000440
0.001434
-0.000100
-0.000982
-0.002238
-0.000532
-0.000531
0.000620
-0.000106
-0.000044
-0.000898
-0.003605
-0.003555
-0.003586
-0.001186
0.000215
0.001098
-0.001257
-0.002588
-0.002299
-0.002560
-0.002967
-0.002301
-0.002666
0.000201
-0.001414
-0.000792
0.001491
0.003112
0.003527
0.000348
-0.000203
0.002026
0.001180
0.002127
0.000519
0.000720
0.000627
-0.000109
0.001547
0.003243
0.000019
0.003968
0.001853
0.001557
0.000833
0.000210
0.001215
-0.001199
0.000174
-0.001383
0.000495
-0.000976
0.000241
-0.000057
0.000552
-0.000121
-0.000234
-0.001394
-0.002261
-0.000357
-0.000018
-0.000617
-0.002016
-0.001809
-0.002670
-0.002881
-0.001827
0.001225
0.000705
-0.000918
-0.000350
-0.000110
-0.001096
-0.000243
0.002591
0.000975
0.002536
0.000788
0.001844
-0.000017
-0.000411
-0.000077
-0.000900
0.000851
-0.000061
-0.000739
-0.000321
-0.001459
0.000030
0.001721
0.001869
0.000408
-0.000366
-0.001876
-0.002066
-0.001958
0.001170
0.002046
0.000236
0.001948
0.002187
0.001975
0.000844
0.000825
-0.000886
-0.001833
0.000366
0.000197
-0.000128
0.002238
0.001300
-0.001205
-0.001451
0.000622
0.000238
-0.000622
-0.001932
-0.000861
0.000546
-0.000121
-0.001630
-0.002925
-0.002207
-0.002661
-0.002244
-0.000186
0.000296
-0.001011
0.000836
0.001624
0.000264
-0.001313
0.000638
-0.000975
-0.001103
0.002149
0.002008
0.000069
0.000029
0.001160
-0.000127
-0.001196
0.000679
-0.000433
0.001124
-0.000980
-0.000897
-0.001069
0.001583
0.000833
0.003647
0.003032
0.003301
0.003116
0.000684
0.001189
-0.000740
0.002304
0.000449
0.000601
0.000217
-0.000616
-0.001267
-0.001579
-0.001649
-0.002271
-0.003393
-0.001545
-0.000290
0.000718
0.000108
0.000031
-0.001170
-0.000919
-0.000674
0.000498
0.000324
0.001151
-0.000734
0.000709
-0.001608
0.000424
-0.000266
0.000718
0.001519
0.001181
0.001478
0.000479
0.000226
-0.000901
-0.000545
-0.000018
0.000813
-0.000638
-0.001090
-0.002126
-0.001444
-0.001385
-0.001882
-0.000948
-0.000020
0.001088
0.000861
-0.000342
-0.000921
-0.000972
-0.001007
-0.001579
0.000309
0.000616
0.001245
0.000503
0.000825
0.001015
0.002905
0.001934
0.000780
0.001237
0.002382
0.001413
0.000461
-0.000009
-0.000202
-0.002180
0.000886
0.002309
0.000091
0.000964
-0.000360
0.000010
-0.001181
-0.000306
-0.000836
-0.000417
-0.001475
-0.000004
-0.000600
-0.001595
-0.002965
-0.001873
-0.000431
-0.000623
-0.000606
-0.000093
-0.000738
-0.001092
-0.001492
-0.002280
-0.000575
0.000554
0.000847
-0.000170
0.000362
0.000023
0.000007
0.000360
0.000078
0.001357
0.001845
0.002071
0.000350
0.001639
0.001435
0.001021
0.000135
0.000834
0.001947
0.000110
0.000550
-0.000896
-0.000078
0.000447
-0.001094
0.000019
0.000822
0.001621
0.001193
0.000320
-0.001360
-0.001090
-0.001425
-0.000434
0.000532
0.000952
-0.000343
-0.000910
0.000324
-0.000114
-0.000841
-0.000642
-0.000752
0.000291
0.000402
-0.000816
-0.000347
-0.000740
0.000951
-0.000847
-0.000699
0.000120
0.000121
-0.000330
-0.000074
-0.001196
0.000969
0.000768
0.000337
0.000369
-0.000337
-0.000601
-0.000737
-0.001669
-0.001837
-0.000595
-0.000243
-0.000921
-0.000460
-0.000908
-0.000770
-0.000626
-0.001101
-0.000043
0.000645
0.000881
0.001501
0.002607
0.002034
0.002410
0.001890
0.001236
0.000961
0.000471
0.000656
0.001009
0.001259
0.001151
-0.000379
-0.000213
0.000409
0.000120
-0.000539
-0.001202
-0.000672
-0.000609
-0.000877
-0.000743
-0.001051
-0.002112
-0.000245
0.000452
-0.000191
-0.000659
-0.001205
-0.000198
-0.001116
-0.001247
0.000702
0.001069
-0.000699
-0.000170
-0.000175
-0.000608
0.000025
-0.000438
-0.000159
-0.001874
-0.001159
-0.001606
-0.000794
-0.001337
-0.000041
0.000898
0.000742
0.000796
0.000922
0.001066
0.001517
0.001591
0.001329
0.001105
0.000551
0.000529
0.000694
0.001663
0.000976
0.000311
-0.000080
-0.000197
0.000165
-0.000621
-0.000496
-0.000116
-0.000798
-0.000871
-0.000532
-0.000027
0.000034
-0.000132
-0.000437
0.000123
0.000229
0.000116
0.000985
-0.000085
0.000350
0.000915
0.000659
0.000439
0.000607
0.000606
0.000630
-0.000473
-0.000601
-0.000665
-0.000791
-0.001137
-0.001343
0.000167
-0.000369
-0.000735
-0.000548
0.000250
-0.000141
-0.000222
-0.000561
-0.000390
-0.000556
-0.000549
-0.000420
-0.000422
-0.001133
-0.001201
-0.001080
-0.000209
0.000439
0.000116
0.000389
0.000232
0.000322
0.001705
0.001384
0.001284
0.001101
0.001016
0.001307
0.000278
0.000420
-0.000235
-0.000263
-0.000034
0.000578
0.000369
0.000293
-0.000522
-0.000016
0.000663
0.000147
0.000575
0.000672
0.000027
-0.000047
-0.000314
-0.000396
-0.001075
-0.000114
-0.000678
-0.000486
-0.000916
-0.000972
-0.001157
-0.001860
-0.001139
-0.000851
-0.001587
-0.000944
-0.000456
-0.000706
-0.000405
-0.000472
0.001197
0.000216
0.000163
-0.000104
0.000737
0.000703
0.001465
0.000615
0.001006
0.000506
0.000391
-0.000138
0.000547
0.000530
0.000795
0.000387
-0.000016
0.000223
0.000789
0.000108
0.000519
0.000635
0.001320
0.001056
0.000990
0.001088
0.000984
0.000656
-0.000207
-0.000479
-0.000470
-0.000686
-0.001113
-0.000806
-0.001440
-0.001363
-0.001489
-0.001444
-0.001471
-0.000108
0.000593
-0.000299
0.000028
0.000530
-0.000286
-0.000138
0.000463
-0.000074
0.000150
0.000019
0.000224
0.000060
-0.000627
-0.000023
-0.000123
0.000484
-0.000521
-0.000435
-0.000473
-0.000497
-0.000430
-0.000193
0.000158
0.000376
0.000076
0.000018
0.000214
-0.000258
-0.000242
-0.000626
-0.000085
-0.000179
0.000370
0.000336
0.000880
0.000229
0.000684
0.000821
0.000388
0.000469
0.000404
0.000422
0.000522
0.000761
0.001109
0.000653
0.001236
0.000457
0.000594
0.000185
0.000110
-0.000472
-0.000678
-0.000138
-0.000377
-0.000555
-0.000499
-0.000950
-0.000769
-0.000992
-0.000526
-0.000062
-0.000188
-0.000246
-0.000370
-0.000439
-0.000515
-0.000137
-0.000219
-0.000495
-0.001130
-0.000920
-0.000778
-0.000749
-0.000450
-0.000522
-0.000553
-0.000857
-0.000114
-0.000259
0.000324
0.000528
0.000098
0.000695
0.000805
0.000610
0.000952
0.000769
0.000743
0.000979
0.000930
0.000716
0.000251
0.000684
0.000450
0.000389
0.000180
-0.000304
0.000025
0.000202
0.000577
0.000432
-0.000144
-0.000235
0.000016
-0.000627
0.000250
-0.000445
0.000406
0.000225
0.000161
-0.000326
-0.000293
-0.000546
-0.000199
-0.000268
-0.000475
-0.000407
-0.001132
0.000022
-0.000218
-0.000206
-0.000429
0.000086
-0.000207
-0.000274
-0.000130
0.000145
0.000159
0.000350
0.000841
0.000308
0.000709
0.000391
0.000819
0.000067
0.000125
0.000081
0.000111
-0.000600
-0.000378
-0.000538
-0.000196
-0.000446
-0.000131
-0.000138
-0.000411
-0.000228
0.000047
-0.000199
0.000038
-0.000128
0.000289
-0.000015
0.000308
0.000131
-0.000016
0.000388
0.000200
0.000016
0.000430
0.000284
0.000243
-0.000076
0.000299
0.000308
0.000362
-0.000162
-0.000207
-0.000350
-0.000327
-0.000256
-0.000244
-0.000121
-0.000620
-0.000593
-0.000577
-0.000330
-0.000148
0.000018
-0.000163
0.000146
-0.000046
0.000107
0.000101
0.000226
-0.000213
-0.000393
0.000268
0.000173
0.000105
0.000044
0.000449
0.000029
-0.000391
-0.000038
-0.000096
0.000089
-0.000013
-0.000152
0.000146
-0.000001
-0.000318
0.000278
0.000163
0.000163
0.000362
0.000258
0.000266
0.000248
0.000390
-0.000049
0.000608
0.000185
0.000640
0.000199
0.000522
-0.000098
0.000320
0.000055
0.000347
-0.000373
-0.000188
-0.000299
-0.000210
-0.000556
0.000035
-0.000379
-0.000025
-0.000634
-0.000320
-0.000224
0.000147
0.000084
0.000120
0.000410
0.000101
0.000169
0.000304
-0.000519
-0.000111
-0.000409
-0.000237
-0.000504
-0.000088
-0.000330
-0.000095
-0.000150
-0.000471
-0.000448
-0.000238
-0.000141
0.000055
-0.000273
0.000139
0.000309
0.000335
0.000419
0.000134
0.000377
0.000200
0.000299
0.000274
0.000355
0.000165
-0.000007
-0.000020
0.000189
0.000012
0.000111
0.000112
0.000403
0.000228
0.000178
0.000647
0.000475
0.000550
0.000392
0.000713
0.000239
0.000427
0.000198
-0.000264
-0.000484
-0.000063
-0.000559
-0.000487
-0.000705
-0.000384
-0.000764
-0.000485
-0.000706
-0.000278
-0.000456
0.000236
0.000039
0.000251
-0.000218
0.000297
0.000225
-0.000043
-0.000222
-0.000296
-0.000210
-0.000297
-0.000106
0.000033
-0.000271
-0.000234
-0.000117
0.000049
-0.000418
0.000414
0.000225
0.000373
0.000085
0.000302
0.000260
0.000483
0.000012
-0.000019
-0.000018
0.000013
0.000033
0.000166
-0.000050
0.000208
0.000382
0.000806
0.000329
0.000328
0.000114
0.000408
-0.000064
0.000050
0.000133
0.000341
-0.000135
0.000182
0.000302
0.000172
0.000114
0.000087
0.000306
0.000133
-0.000126
-0.000046
-0.000484
-0.000327
-0.000260
-0.000287
0.000052
-0.000109
-0.000008
-0.000133
0.000241
-0.000035
0.000348
-0.000019
0.000360
0.000219
0.000194
-0.000105
0.000200
-0.000234
-0.000172
-0.000266
-0.000375
-0.000439
-0.000267
-0.000441
-0.000346
-0.000382
-0.000100
-0.000207
0.000147
0.000008
0.000230
0.000430
0.000248
0.000321
0.000063
0.000052
0.000323
0.000091
0.000348
0.000074
0.000236
0.000276
0.000384
0.000454
0.000346
0.000306
0.000005
0.000452
0.000037
0.000144
-0.000142
0.000034
0.000117
0.000199
0.000031
0.000134
0.000032
0.000242
0.000020
-0.000182
-0.000212
-0.000142
-0.000270
0.000024
-0.000269
-0.000176
-0.000305
-0.000240
-0.000273
-0.000293
-0.000215
-0.000297
-0.000002
-0.000226
-0.000110
-0.000115
-0.000111
0.000013
0.000156
-0.000129
0.000348
-0.000258
0.000136
-0.000022
0.000253
0.000208
0.000258
0.000218
0.000594
0.000238
0.000572
0.000070
0.000265
-0.000294
0.000145
-0.000124
0.000503
0.000190
0.000535
-0.000047
0.000166
0.000062
0.000092
-0.000232
-0.000203
0.000074
-0.000147
-0.000124
0.000113
-0.000044
0.000001
-0.000144
0.000054
-0.000213
-0.000074
-0.000276
-0.000025
0.000049
0.000186
0.000422
0.000266
0.000165
0.000148
0.000256
0.000484
0.000291
0.000367
0.000159
0.000164
0.000019
-0.000086
-0.000145
-0.000014
-0.000411
-0.000271
-0.000225
0.000070
-0.000123
0.000086
-0.000198
0.000019
0.000048
0.000129
-0.000067
0.000158
-0.000044
0.000092
-0.000052
0.000428
0.000007
0.000166
-0.000019
0.000109
-0.000267
-0.000054
-0.000176
-0.000027
-0.000289
-0.000059
-0.000170
0.000202
-0.000034
0.000401
0.000198
0.000418
0.000011
0.000328
-0.000069
0.000221
-0.000148
0.000095
-0.000027
-0.000085
-0.000069
-0.000019
-0.000080
0.000123
0.000056
0.000170
0.000225
0.000169
0.000342
0.000155
0.000335
0.000074
0.000246
0.000229
0.000217
0.000113
0.000115
-0.000051
-0.000041
-0.000231
-0.000325
-0.000020
-0.000300
0.000061
-0.000254
-0.000042
-0.000081
-0.000058
0.000001
-0.000118
0.000198
0.000081
0.000124
0.000029
0.000241
0.000241
0.000218
0.000283
0.000111
0.000062
-0.000190
-0.000038
-0.000139
0.000086
-0.000148
0.000057
-0.000033
0.000200
0.000134
0.000258
-0.000001
0.000359
0.000137
0.000459
0.000156
0.000451
0.000078
0.000104
0.000059
0.000044
-0.000095
-0.000038
-0.000107
-0.000219
-0.000167
-0.000303
-0.000206
-0.000201
-0.000029
-0.000044
0.000036
0.000173
0.000193
0.000057
0.000097
0.000043
0.000199
-0.000113
0.000003
-0.000135
0.000088
-0.000161
0.000313
-0.000033
0.000366
0.000065
0.000465
0.000134
0.000408
0.000210
0.000616
0.000269
0.000360
0.000102
0.000394
0.000058
0.000323
0.000272
0.000145
-0.000167
-0.000360
-0.000489
-0.000133
-0.000163
-0.000088
0.000006
0.000077
-0.000002
0.000174
-0.000066
0.000050
-0.000104
-0.000267
-0.000079
-0.000049
-0.000167
-0.000037
-0.000144
-0.000170
-0.000094
0.000137
0.000060
-0.000001
-0.000252
-0.000221
-0.000116
0.000021
0.000175
0.000183
0.000190
0.000168
0.000166
-0.000051
0.000101
-0.000096
-0.000005
-0.000037
0.000112
-0.000120
0.000379
0.000148
0.000061
-0.000038
0.000046
0.000039
0.000578
0.000504
-0.000008
-0.000312
-0.000599
-0.000232
-0.000079
0.000298
0.000030
0.000255
0.000020
0.000408
0.000242
0.000391
0.000040
0.000254
-0.000014
0.000455
0.000297
0.000388
0.000101
0.000199
-0.000316
0.000138
-0.000060
0.000310
-0.000141
-0.000013
-0.000386
-0.000027
-0.000380
-0.000047
-0.000275
0.000192
0.000015
0.000324
-0.000001
-0.000039
-0.000193
-0.000070
-0.000104
0.000099
-0.000160
-0.000006
0.000032
-0.000175
-0.000170
-0.000132
0.000007
-0.000090
-0.000147
-0.000211
-0.000136
-0.000084
0.000156
0.000207
0.000355
0.000247
0.000284
0.000144
0.000195
0.000067
0.000072
0.000031
0.000027
0.000043
-0.000022
0.000116
0.000212
0.000313
0.000167
0.000289
0.000143
0.000240
0.000144
0.000206
